0000000100011111010000000110000111111010
0000111100000000011000000001000111110101
0000010100011111010000100001000111110101
1100000000011111010011100000000000000000
0010000100011111010000001101000000000001
0000000100011111010100001100000111110110
0000101000000000000000100001000111110101
0000000100011111011100000110000111111010
0000111100000000111000000001000111110111
0000011000011111010100100001000111111001
1000000000011111100100000101000111111000
0010000100011111100011000000000111110111
0010000100011111011100001101000000001000
0000000100011111100000001100000111110110
0000101000000000000000100001000111111000
1010101000000000000011100000000000000000
